3,1
3,3
11,30
11,29
11,28
11,27
11,26
11,25
11,24
11,23
11,22
11,18
10,121
11,12
10,317
10,7
10,316
10,315
10,107
10,314
10,141
10,313
10,312
10,175
10,311
10,310
10,233
10,309
10,308
10,307
10,306
10,305
10,304
10,303
10,302
10,301
10,300
11,7
10,299
10,298
11,19
10,297
10,296
11,15
10,295
10,294
11,10
10,293
11,13
10,292
10,291
11,8
10,290
11,1
10,289
11,21
11,2
11,3
10,288
10,287
10,286
10,285
10,284
9,7
10,283
9,5
10,282
10,281
10,280
10,279
10,278
10,277
8,15
10,276
8,4
8,18
10,275
8,16
10,274
10,273
10,272
